enter function stream
**********
{'input': '(1)使用parse_eeg_data工具，解析同目录下的data/15.txt；(2)编写并且运行python代码，对同目录下的data/15_original.npy,计算所有通道对之间的相干性，频率范围为8-12Hz，打印结果, 将数值以(7,7)的格式存到同目录下的result/4_15.npy, (3)将代码保存到result/4_15.py'}
[]
begin debugging
Thought: I need to first parse the EEG data from the specified file, then calculate the coherence between all channel pairs for the given frequency range, save the results, and finally save the code used for the calculation.

Action: parse_eeg_data
Action Input: data/15.txt
end debugging
print output here:
tool='parse_eeg_data' tool_input='data/15.txt' log='Thought: I need to first parse the EEG data from the specified file, then calculate the coherence between all channel pairs for the given frequency range, save the results, and finally save the code used for the calculation.\n\nAction: parse_eeg_data\nAction Input: data/15.txt'
**********
****************************************************************************************************
round 0
****************************************************************************************************
Thought: I need to first parse the EEG data from the specified file, then calculate the coherence between all channel pairs for the given frequency range, save the results, and finally save the code used for the calculation.

: parse_eeg_data
 Input: data/15.txt
**********
enter function perform_agent_action
tool='parse_eeg_data' tool_input='data/15.txt' log='Thought: I need to first parse the EEG data from the specified file, then calculate the coherence between all channel pairs for the given frequency range, save the results, and finally save the code used for the calculation.\n\nAction: parse_eeg_data\nAction Input: data/15.txt'
**********
**********
enter function perform_agent_action lookup true branch
你已经完成了第一步，请继续进行下一步！如果你不知道下一步做什么，请多关注我的输入
**********
****************************************************************************************************
round 1
****************************************************************************************************
你已经完成了第一步，请继续进行下一步！如果你不知道下一步做什么，请多关注我的输入
**********
{'input': '(1)使用parse_eeg_data工具，解析同目录下的data/15.txt；(2)编写并且运行python代码，对同目录下的data/15_original.npy,计算所有通道对之间的相干性，频率范围为8-12Hz，打印结果, 将数值以(7,7)的格式存到同目录下的result/4_15.npy, (3)将代码保存到result/4_15.py'}
[(AgentAction(tool='parse_eeg_data', tool_input='data/15.txt', log='Thought: I need to first parse the EEG data from the specified file, then calculate the coherence between all channel pairs for the given frequency range, save the results, and finally save the code used for the calculation.\n\nAction: parse_eeg_data\nAction Input: data/15.txt'), '你已经完成了第一步，请继续进行下一步！如果你不知道下一步做什么，请多关注我的输入')]
begin debugging
Now that the EEG data has been parsed, I need to proceed with calculating the coherence between all channel pairs for the frequency range 8-12Hz using the data from `data/15_original.npy`. I will then save the results in the specified format and save the code used for the calculation.

Action: Python_REPL
Action Input:
```python
import numpy as np
from scipy import signal
import os

# Load the data
data = np.load('data/15_original.npy')

# Parameters
fs = 1000  # Assuming a sampling rate of 1000 Hz
n_channels = data.shape[0]
freq_range = (8, 12)

# Initialize coherence matrix
coherence_matrix = np.zeros((n_channels, n_channels))

# Calculate coherence for each channel pair
for i in range(n_channels):
    for j in range(n_channels):
        if i != j:
            f, Cxy = signal.coherence(data[i], data[j], fs=fs)
            idx = np.where((f >= freq_range[0]) & (f <= freq_range[1]))[0]
            coherence_matrix[i, j] = np.mean(Cxy[idx])

# Print the result
print(coherence_matrix)

# Save the result
os.makedirs('result', exist_ok=True)
np.save('result/4_15.npy', coherence_matrix.reshape(7, 7))

# Save the code
with open('result/4_15.py', 'w') as f:
    f.write('''import numpy as np
from scipy import signal
import os

# Load the data
data = np.load('data/15_original.npy')

# Parameters
fs = 1000  # Assuming a sampling rate of 1000 Hz
n_channels = data.shape[0]
freq_range = (8, 12)

# Initialize coherence matrix
coherence_matrix = np.zeros((n_channels, n_channels))

# Calculate coherence for each channel pair
for i in range(n_channels):
    for j in range(n_channels):
        if i != j:
            f, Cxy = signal.coherence(data[i], data[j], fs=fs)
            idx = np.where((f >= freq_range[0]) & (f <= freq_range[1]))[0]
            coherence_matrix[i, j] = np.mean(Cxy[idx])

# Print the result
print(coherence_matrix)

# Save the result
os.makedirs('result', exist_ok=True)
np.save('result/4_15.npy', coherence_matrix.reshape(7, 7))
''')
print("Code and results saved successfully.")
```
end debugging
print output here:
tool='Python_REPL' tool_input='```python\nimport numpy as np\nfrom scipy import signal\nimport os\n\n# Load the data\ndata = np.load(\'data/15_original.npy\')\n\n# Parameters\nfs = 1000  # Assuming a sampling rate of 1000 Hz\nn_channels = data.shape[0]\nfreq_range = (8, 12)\n\n# Initialize coherence matrix\ncoherence_matrix = np.zeros((n_channels, n_channels))\n\n# Calculate coherence for each channel pair\nfor i in range(n_channels):\n    for j in range(n_channels):\n        if i != j:\n            f, Cxy = signal.coherence(data[i], data[j], fs=fs)\n            idx = np.where((f >= freq_range[0]) & (f <= freq_range[1]))[0]\n            coherence_matrix[i, j] = np.mean(Cxy[idx])\n\n# Print the result\nprint(coherence_matrix)\n\n# Save the result\nos.makedirs(\'result\', exist_ok=True)\nnp.save(\'result/4_15.npy\', coherence_matrix.reshape(7, 7))\n\n# Save the code\nwith open(\'result/4_15.py\', \'w\') as f:\n    f.write(\'\'\'import numpy as np\nfrom scipy import signal\nimport os\n\n# Load the data\ndata = np.load(\'data/15_original.npy\')\n\n# Parameters\nfs = 1000  # Assuming a sampling rate of 1000 Hz\nn_channels = data.shape[0]\nfreq_range = (8, 12)\n\n# Initialize coherence matrix\ncoherence_matrix = np.zeros((n_channels, n_channels))\n\n# Calculate coherence for each channel pair\nfor i in range(n_channels):\n    for j in range(n_channels):\n        if i != j:\n            f, Cxy = signal.coherence(data[i], data[j], fs=fs)\n            idx = np.where((f >= freq_range[0]) & (f <= freq_range[1]))[0]\n            coherence_matrix[i, j] = np.mean(Cxy[idx])\n\n# Print the result\nprint(coherence_matrix)\n\n# Save the result\nos.makedirs(\'result\', exist_ok=True)\nnp.save(\'result/4_15.npy\', coherence_matrix.reshape(7, 7))\n\'\'\')\nprint("Code and results saved successfully.")\n```' log='Now that the EEG data has been parsed, I need to proceed with calculating the coherence between all channel pairs for the frequency range 8-12Hz using the data from `data/15_original.npy`. I will then save the results in the specified format and save the code used for the calculation.\n\nAction: Python_REPL\nAction Input:\n```python\nimport numpy as np\nfrom scipy import signal\nimport os\n\n# Load the data\ndata = np.load(\'data/15_original.npy\')\n\n# Parameters\nfs = 1000  # Assuming a sampling rate of 1000 Hz\nn_channels = data.shape[0]\nfreq_range = (8, 12)\n\n# Initialize coherence matrix\ncoherence_matrix = np.zeros((n_channels, n_channels))\n\n# Calculate coherence for each channel pair\nfor i in range(n_channels):\n    for j in range(n_channels):\n        if i != j:\n            f, Cxy = signal.coherence(data[i], data[j], fs=fs)\n            idx = np.where((f >= freq_range[0]) & (f <= freq_range[1]))[0]\n            coherence_matrix[i, j] = np.mean(Cxy[idx])\n\n# Print the result\nprint(coherence_matrix)\n\n# Save the result\nos.makedirs(\'result\', exist_ok=True)\nnp.save(\'result/4_15.npy\', coherence_matrix.reshape(7, 7))\n\n# Save the code\nwith open(\'result/4_15.py\', \'w\') as f:\n    f.write(\'\'\'import numpy as np\nfrom scipy import signal\nimport os\n\n# Load the data\ndata = np.load(\'data/15_original.npy\')\n\n# Parameters\nfs = 1000  # Assuming a sampling rate of 1000 Hz\nn_channels = data.shape[0]\nfreq_range = (8, 12)\n\n# Initialize coherence matrix\ncoherence_matrix = np.zeros((n_channels, n_channels))\n\n# Calculate coherence for each channel pair\nfor i in range(n_channels):\n    for j in range(n_channels):\n        if i != j:\n            f, Cxy = signal.coherence(data[i], data[j], fs=fs)\n            idx = np.where((f >= freq_range[0]) & (f <= freq_range[1]))[0]\n            coherence_matrix[i, j] = np.mean(Cxy[idx])\n\n# Print the result\nprint(coherence_matrix)\n\n# Save the result\nos.makedirs(\'result\', exist_ok=True)\nnp.save(\'result/4_15.npy\', coherence_matrix.reshape(7, 7))\n\'\'\')\nprint("Code and results saved successfully.")\n```'
**********
****************************************************************************************************
round 2
****************************************************************************************************
Now that the EEG data has been parsed, I need to proceed with calculating the coherence between all channel pairs for the frequency range 8-12Hz using the data from `data/15_original.npy`. I will then save the results in the specified format and save the code used for the calculation.

: Python_REPL
 Input:
```python
import numpy as np
from scipy import signal
import os

# Load the data
data = np.load('data/15_original.npy')

# Parameters
fs = 1000  # Assuming a sampling rate of 1000 Hz
n_channels = data.shape[0]
freq_range = (8, 12)

# Initialize coherence matrix
coherence_matrix = np.zeros((n_channels, n_channels))

# Calculate coherence for each channel pair
for i in range(n_channels):
    for j in range(n_channels):
        if i != j:
            f, Cxy = signal.coherence(data[i], data[j], fs=fs)
            idx = np.where((f >= freq_range[0]) & (f <= freq_range[1]))[0]
            coherence_matrix[i, j] = np.mean(Cxy[idx])

# Print the result
print(coherence_matrix)

# Save the result
os.makedirs('result', exist_ok=True)
np.save('result/4_15.npy', coherence_matrix.reshape(7, 7))

# Save the code
with open('result/4_15.py', 'w') as f:
    f.write('''import numpy as np
from scipy import signal
import os

# Load the data
data = np.load('data/15_original.npy')

# Parameters
fs = 1000  # Assuming a sampling rate of 1000 Hz
n_channels = data.shape[0]
freq_range = (8, 12)

# Initialize coherence matrix
coherence_matrix = np.zeros((n_channels, n_channels))

# Calculate coherence for each channel pair
for i in range(n_channels):
    for j in range(n_channels):
        if i != j:
            f, Cxy = signal.coherence(data[i], data[j], fs=fs)
            idx = np.where((f >= freq_range[0]) & (f <= freq_range[1]))[0]
            coherence_matrix[i, j] = np.mean(Cxy[idx])

# Print the result
print(coherence_matrix)

# Save the result
os.makedirs('result', exist_ok=True)
np.save('result/4_15.npy', coherence_matrix.reshape(7, 7))
''')
print("Code and results saved successfully.")
```
**********
enter function perform_agent_action
tool='Python_REPL' tool_input='```python\nimport numpy as np\nfrom scipy import signal\nimport os\n\n# Load the data\ndata = np.load(\'data/15_original.npy\')\n\n# Parameters\nfs = 1000  # Assuming a sampling rate of 1000 Hz\nn_channels = data.shape[0]\nfreq_range = (8, 12)\n\n# Initialize coherence matrix\ncoherence_matrix = np.zeros((n_channels, n_channels))\n\n# Calculate coherence for each channel pair\nfor i in range(n_channels):\n    for j in range(n_channels):\n        if i != j:\n            f, Cxy = signal.coherence(data[i], data[j], fs=fs)\n            idx = np.where((f >= freq_range[0]) & (f <= freq_range[1]))[0]\n            coherence_matrix[i, j] = np.mean(Cxy[idx])\n\n# Print the result\nprint(coherence_matrix)\n\n# Save the result\nos.makedirs(\'result\', exist_ok=True)\nnp.save(\'result/4_15.npy\', coherence_matrix.reshape(7, 7))\n\n# Save the code\nwith open(\'result/4_15.py\', \'w\') as f:\n    f.write(\'\'\'import numpy as np\nfrom scipy import signal\nimport os\n\n# Load the data\ndata = np.load(\'data/15_original.npy\')\n\n# Parameters\nfs = 1000  # Assuming a sampling rate of 1000 Hz\nn_channels = data.shape[0]\nfreq_range = (8, 12)\n\n# Initialize coherence matrix\ncoherence_matrix = np.zeros((n_channels, n_channels))\n\n# Calculate coherence for each channel pair\nfor i in range(n_channels):\n    for j in range(n_channels):\n        if i != j:\n            f, Cxy = signal.coherence(data[i], data[j], fs=fs)\n            idx = np.where((f >= freq_range[0]) & (f <= freq_range[1]))[0]\n            coherence_matrix[i, j] = np.mean(Cxy[idx])\n\n# Print the result\nprint(coherence_matrix)\n\n# Save the result\nos.makedirs(\'result\', exist_ok=True)\nnp.save(\'result/4_15.npy\', coherence_matrix.reshape(7, 7))\n\'\'\')\nprint("Code and results saved successfully.")\n```' log='Now that the EEG data has been parsed, I need to proceed with calculating the coherence between all channel pairs for the frequency range 8-12Hz using the data from `data/15_original.npy`. I will then save the results in the specified format and save the code used for the calculation.\n\nAction: Python_REPL\nAction Input:\n```python\nimport numpy as np\nfrom scipy import signal\nimport os\n\n# Load the data\ndata = np.load(\'data/15_original.npy\')\n\n# Parameters\nfs = 1000  # Assuming a sampling rate of 1000 Hz\nn_channels = data.shape[0]\nfreq_range = (8, 12)\n\n# Initialize coherence matrix\ncoherence_matrix = np.zeros((n_channels, n_channels))\n\n# Calculate coherence for each channel pair\nfor i in range(n_channels):\n    for j in range(n_channels):\n        if i != j:\n            f, Cxy = signal.coherence(data[i], data[j], fs=fs)\n            idx = np.where((f >= freq_range[0]) & (f <= freq_range[1]))[0]\n            coherence_matrix[i, j] = np.mean(Cxy[idx])\n\n# Print the result\nprint(coherence_matrix)\n\n# Save the result\nos.makedirs(\'result\', exist_ok=True)\nnp.save(\'result/4_15.npy\', coherence_matrix.reshape(7, 7))\n\n# Save the code\nwith open(\'result/4_15.py\', \'w\') as f:\n    f.write(\'\'\'import numpy as np\nfrom scipy import signal\nimport os\n\n# Load the data\ndata = np.load(\'data/15_original.npy\')\n\n# Parameters\nfs = 1000  # Assuming a sampling rate of 1000 Hz\nn_channels = data.shape[0]\nfreq_range = (8, 12)\n\n# Initialize coherence matrix\ncoherence_matrix = np.zeros((n_channels, n_channels))\n\n# Calculate coherence for each channel pair\nfor i in range(n_channels):\n    for j in range(n_channels):\n        if i != j:\n            f, Cxy = signal.coherence(data[i], data[j], fs=fs)\n            idx = np.where((f >= freq_range[0]) & (f <= freq_range[1]))[0]\n            coherence_matrix[i, j] = np.mean(Cxy[idx])\n\n# Print the result\nprint(coherence_matrix)\n\n# Save the result\nos.makedirs(\'result\', exist_ok=True)\nnp.save(\'result/4_15.npy\', coherence_matrix.reshape(7, 7))\n\'\'\')\nprint("Code and results saved successfully.")\n```'
**********
**********
enter function perform_agent_action lookup true branch
[[0.         0.28948128 0.46263411 0.03405268 0.35219238 0.27309767
  0.48597824]
 [0.28948128 0.         0.15721518 0.44838692 0.05896893 0.50132649
  0.30004209]
 [0.46263411 0.15721518 0.         0.02252385 0.41834385 0.27045842
  0.1710939 ]
 [0.03405268 0.44838692 0.02252385 0.         0.00583624 0.59386736
  0.06377234]
 [0.35219238 0.05896893 0.41834385 0.00583624 0.         0.13369831
  0.08183295]
 [0.27309767 0.50132649 0.27045842 0.59386736 0.13369831 0.
  0.29364639]
 [0.48597824 0.30004209 0.1710939  0.06377234 0.08183295 0.29364639
  0.        ]]
Code and results saved successfully.

**********
****************************************************************************************************
round 3
****************************************************************************************************
[[0.         0.28948128 0.46263411 0.03405268 0.35219238 0.27309767
  0.48597824]
 [0.28948128 0.         0.15721518 0.44838692 0.05896893 0.50132649
  0.30004209]
 [0.46263411 0.15721518 0.         0.02252385 0.41834385 0.27045842
  0.1710939 ]
 [0.03405268 0.44838692 0.02252385 0.         0.00583624 0.59386736
  0.06377234]
 [0.35219238 0.05896893 0.41834385 0.00583624 0.         0.13369831
  0.08183295]
 [0.27309767 0.50132649 0.27045842 0.59386736 0.13369831 0.
  0.29364639]
 [0.48597824 0.30004209 0.1710939  0.06377234 0.08183295 0.29364639
  0.        ]]
Code and results saved successfully.

**********
{'input': '(1)使用parse_eeg_data工具，解析同目录下的data/15.txt；(2)编写并且运行python代码，对同目录下的data/15_original.npy,计算所有通道对之间的相干性，频率范围为8-12Hz，打印结果, 将数值以(7,7)的格式存到同目录下的result/4_15.npy, (3)将代码保存到result/4_15.py'}
[(AgentAction(tool='parse_eeg_data', tool_input='data/15.txt', log='Thought: I need to first parse the EEG data from the specified file, then calculate the coherence between all channel pairs for the given frequency range, save the results, and finally save the code used for the calculation.\n\nAction: parse_eeg_data\nAction Input: data/15.txt'), '你已经完成了第一步，请继续进行下一步！如果你不知道下一步做什么，请多关注我的输入'), (AgentAction(tool='Python_REPL', tool_input='```python\nimport numpy as np\nfrom scipy import signal\nimport os\n\n# Load the data\ndata = np.load(\'data/15_original.npy\')\n\n# Parameters\nfs = 1000  # Assuming a sampling rate of 1000 Hz\nn_channels = data.shape[0]\nfreq_range = (8, 12)\n\n# Initialize coherence matrix\ncoherence_matrix = np.zeros((n_channels, n_channels))\n\n# Calculate coherence for each channel pair\nfor i in range(n_channels):\n    for j in range(n_channels):\n        if i != j:\n            f, Cxy = signal.coherence(data[i], data[j], fs=fs)\n            idx = np.where((f >= freq_range[0]) & (f <= freq_range[1]))[0]\n            coherence_matrix[i, j] = np.mean(Cxy[idx])\n\n# Print the result\nprint(coherence_matrix)\n\n# Save the result\nos.makedirs(\'result\', exist_ok=True)\nnp.save(\'result/4_15.npy\', coherence_matrix.reshape(7, 7))\n\n# Save the code\nwith open(\'result/4_15.py\', \'w\') as f:\n    f.write(\'\'\'import numpy as np\nfrom scipy import signal\nimport os\n\n# Load the data\ndata = np.load(\'data/15_original.npy\')\n\n# Parameters\nfs = 1000  # Assuming a sampling rate of 1000 Hz\nn_channels = data.shape[0]\nfreq_range = (8, 12)\n\n# Initialize coherence matrix\ncoherence_matrix = np.zeros((n_channels, n_channels))\n\n# Calculate coherence for each channel pair\nfor i in range(n_channels):\n    for j in range(n_channels):\n        if i != j:\n            f, Cxy = signal.coherence(data[i], data[j], fs=fs)\n            idx = np.where((f >= freq_range[0]) & (f <= freq_range[1]))[0]\n            coherence_matrix[i, j] = np.mean(Cxy[idx])\n\n# Print the result\nprint(coherence_matrix)\n\n# Save the result\nos.makedirs(\'result\', exist_ok=True)\nnp.save(\'result/4_15.npy\', coherence_matrix.reshape(7, 7))\n\'\'\')\nprint("Code and results saved successfully.")\n```', log='Now that the EEG data has been parsed, I need to proceed with calculating the coherence between all channel pairs for the frequency range 8-12Hz using the data from `data/15_original.npy`. I will then save the results in the specified format and save the code used for the calculation.\n\nAction: Python_REPL\nAction Input:\n```python\nimport numpy as np\nfrom scipy import signal\nimport os\n\n# Load the data\ndata = np.load(\'data/15_original.npy\')\n\n# Parameters\nfs = 1000  # Assuming a sampling rate of 1000 Hz\nn_channels = data.shape[0]\nfreq_range = (8, 12)\n\n# Initialize coherence matrix\ncoherence_matrix = np.zeros((n_channels, n_channels))\n\n# Calculate coherence for each channel pair\nfor i in range(n_channels):\n    for j in range(n_channels):\n        if i != j:\n            f, Cxy = signal.coherence(data[i], data[j], fs=fs)\n            idx = np.where((f >= freq_range[0]) & (f <= freq_range[1]))[0]\n            coherence_matrix[i, j] = np.mean(Cxy[idx])\n\n# Print the result\nprint(coherence_matrix)\n\n# Save the result\nos.makedirs(\'result\', exist_ok=True)\nnp.save(\'result/4_15.npy\', coherence_matrix.reshape(7, 7))\n\n# Save the code\nwith open(\'result/4_15.py\', \'w\') as f:\n    f.write(\'\'\'import numpy as np\nfrom scipy import signal\nimport os\n\n# Load the data\ndata = np.load(\'data/15_original.npy\')\n\n# Parameters\nfs = 1000  # Assuming a sampling rate of 1000 Hz\nn_channels = data.shape[0]\nfreq_range = (8, 12)\n\n# Initialize coherence matrix\ncoherence_matrix = np.zeros((n_channels, n_channels))\n\n# Calculate coherence for each channel pair\nfor i in range(n_channels):\n    for j in range(n_channels):\n        if i != j:\n            f, Cxy = signal.coherence(data[i], data[j], fs=fs)\n            idx = np.where((f >= freq_range[0]) & (f <= freq_range[1]))[0]\n            coherence_matrix[i, j] = np.mean(Cxy[idx])\n\n# Print the result\nprint(coherence_matrix)\n\n# Save the result\nos.makedirs(\'result\', exist_ok=True)\nnp.save(\'result/4_15.npy\', coherence_matrix.reshape(7, 7))\n\'\'\')\nprint("Code and results saved successfully.")\n```'), '[[0.         0.28948128 0.46263411 0.03405268 0.35219238 0.27309767\n  0.48597824]\n [0.28948128 0.         0.15721518 0.44838692 0.05896893 0.50132649\n  0.30004209]\n [0.46263411 0.15721518 0.         0.02252385 0.41834385 0.27045842\n  0.1710939 ]\n [0.03405268 0.44838692 0.02252385 0.         0.00583624 0.59386736\n  0.06377234]\n [0.35219238 0.05896893 0.41834385 0.00583624 0.         0.13369831\n  0.08183295]\n [0.27309767 0.50132649 0.27045842 0.59386736 0.13369831 0.\n  0.29364639]\n [0.48597824 0.30004209 0.1710939  0.06377234 0.08183295 0.29364639\n  0.        ]]\nCode and results saved successfully.\n')]
begin debugging
I have successfully parsed the EEG data, calculated the coherence between all channel pairs for the frequency range 8-12Hz, printed the results, saved the coherence matrix in the specified format to `result/4_15.npy`, and saved the code to `result/4_15.py`.

Final Answer: The coherence matrix for all channel pairs in the frequency range 8-12Hz has been calculated and saved to `result/4_15.npy`. The code used for this calculation has been saved to `result/4_15.py`. The printed coherence matrix is as follows:

```
[[0.         0.28948128 0.46263411 0.03405268 0.35219238 0.27309767
  0.48597824]
 [0.28948128 0.         0.15721518 0.44838692 0.05896893 0.50132649
  0.30004209]
 [0.46263411 0.15721518 0.         0.02252385 0.41834385 0.27045842
  0.1710939 ]
 [0.03405268 0.44838692 0.02252385 0.         0.00583624 0.59386736
  0.06377234]
 [0.35219238 0.05896893 0.41834385 0.00583624 0.         0.13369831
  0.08183295]
 [0.27309767 0.50132649 0.27045842 0.59386736 0.13369831 0.
  0.29364639]
 [0.48597824 0.30004209 0.1710939  0.06377234 0.08183295 0.29364639
  0.        ]]
```
end debugging
print output here:
return_values={'output': 'The coherence matrix for all channel pairs in the frequency range 8-12Hz has been calculated and saved to `result/4_15.npy`. The code used for this calculation has been saved to `result/4_15.py`. The printed coherence matrix is as follows:\n\n```\n[[0.         0.28948128 0.46263411 0.03405268 0.35219238 0.27309767\n  0.48597824]\n [0.28948128 0.         0.15721518 0.44838692 0.05896893 0.50132649\n  0.30004209]\n [0.46263411 0.15721518 0.         0.02252385 0.41834385 0.27045842\n  0.1710939 ]\n [0.03405268 0.44838692 0.02252385 0.         0.00583624 0.59386736\n  0.06377234]\n [0.35219238 0.05896893 0.41834385 0.00583624 0.         0.13369831\n  0.08183295]\n [0.27309767 0.50132649 0.27045842 0.59386736 0.13369831 0.\n  0.29364639]\n [0.48597824 0.30004209 0.1710939  0.06377234 0.08183295 0.29364639\n  0.        ]]\n```'} log='I have successfully parsed the EEG data, calculated the coherence between all channel pairs for the frequency range 8-12Hz, printed the results, saved the coherence matrix in the specified format to `result/4_15.npy`, and saved the code to `result/4_15.py`.\n\nFinal Answer: The coherence matrix for all channel pairs in the frequency range 8-12Hz has been calculated and saved to `result/4_15.npy`. The code used for this calculation has been saved to `result/4_15.py`. The printed coherence matrix is as follows:\n\n```\n[[0.         0.28948128 0.46263411 0.03405268 0.35219238 0.27309767\n  0.48597824]\n [0.28948128 0.         0.15721518 0.44838692 0.05896893 0.50132649\n  0.30004209]\n [0.46263411 0.15721518 0.         0.02252385 0.41834385 0.27045842\n  0.1710939 ]\n [0.03405268 0.44838692 0.02252385 0.         0.00583624 0.59386736\n  0.06377234]\n [0.35219238 0.05896893 0.41834385 0.00583624 0.         0.13369831\n  0.08183295]\n [0.27309767 0.50132649 0.27045842 0.59386736 0.13369831 0.\n  0.29364639]\n [0.48597824 0.30004209 0.1710939  0.06377234 0.08183295 0.29364639\n  0.        ]]\n```'
**********
****************************************************************************************************
round 4
****************************************************************************************************
I have successfully parsed the EEG data, calculated the coherence between all channel pairs for the frequency range 8-12Hz, printed the results, saved the coherence matrix in the specified format to `result/4_15.npy`, and saved the code to `result/4_15.py`.

Final Answer: The coherence matrix for all channel pairs in the frequency range 8-12Hz has been calculated and saved to `result/4_15.npy`. The code used for this calculation has been saved to `result/4_15.py`. The printed coherence matrix is as follows:

```
[[0.         0.28948128 0.46263411 0.03405268 0.35219238 0.27309767
  0.48597824]
 [0.28948128 0.         0.15721518 0.44838692 0.05896893 0.50132649
  0.30004209]
 [0.46263411 0.15721518 0.         0.02252385 0.41834385 0.27045842
  0.1710939 ]
 [0.03405268 0.44838692 0.02252385 0.         0.00583624 0.59386736
  0.06377234]
 [0.35219238 0.05896893 0.41834385 0.00583624 0.         0.13369831
  0.08183295]
 [0.27309767 0.50132649 0.27045842 0.59386736 0.13369831 0.
  0.29364639]
 [0.48597824 0.30004209 0.1710939  0.06377234 0.08183295 0.29364639
  0.        ]]
```
