enter function stream
**********
{'input': '(1)使用parse_eeg_data工具，解析同目录下的data/48.txt；(2)编写并且运行python代码，对同目录下的data/48_original.npy,计算所有通道对之间的相干性，频率范围为8-12Hz，打印结果, 将数值以(7,7)的格式存到同目录下的result/4_48.npy, (3)将代码保存到result/4_48.py'}
[]
begin debugging
I'll break this down into three parts: (1) parsing the EEG data, (2) calculating coherence between channels and saving results, and (3) saving the code. Let me proceed step by step.

Thought: First, I need to parse the EEG data from the specified file.
Action: parse_eeg_data
Action Input: "data/48.txt"
end debugging
print output here:
tool='parse_eeg_data' tool_input='data/48.txt' log='I\'ll break this down into three parts: (1) parsing the EEG data, (2) calculating coherence between channels and saving results, and (3) saving the code. Let me proceed step by step.\n\nThought: First, I need to parse the EEG data from the specified file.\nAction: parse_eeg_data\nAction Input: "data/48.txt"'
**********
****************************************************************************************************
round 0
****************************************************************************************************
I'll break this down into three parts: (1) parsing the EEG data, (2) calculating coherence between channels and saving results, and (3) saving the code. Let me proceed step by step.

Thought: First, I need to parse the EEG data from the specified file.
: parse_eeg_data
 Input: "data/48.txt"
**********
enter function perform_agent_action
tool='parse_eeg_data' tool_input='data/48.txt' log='I\'ll break this down into three parts: (1) parsing the EEG data, (2) calculating coherence between channels and saving results, and (3) saving the code. Let me proceed step by step.\n\nThought: First, I need to parse the EEG data from the specified file.\nAction: parse_eeg_data\nAction Input: "data/48.txt"'
**********
**********
enter function perform_agent_action lookup true branch
你已经完成了第一步，请继续进行下一步！如果你不知道下一步做什么，请多关注我的输入
**********
****************************************************************************************************
round 1
****************************************************************************************************
你已经完成了第一步，请继续进行下一步！如果你不知道下一步做什么，请多关注我的输入
**********
{'input': '(1)使用parse_eeg_data工具，解析同目录下的data/48.txt；(2)编写并且运行python代码，对同目录下的data/48_original.npy,计算所有通道对之间的相干性，频率范围为8-12Hz，打印结果, 将数值以(7,7)的格式存到同目录下的result/4_48.npy, (3)将代码保存到result/4_48.py'}
[(AgentAction(tool='parse_eeg_data', tool_input='data/48.txt', log='I\'ll break this down into three parts: (1) parsing the EEG data, (2) calculating coherence between channels and saving results, and (3) saving the code. Let me proceed step by step.\n\nThought: First, I need to parse the EEG data from the specified file.\nAction: parse_eeg_data\nAction Input: "data/48.txt"'), '你已经完成了第一步，请继续进行下一步！如果你不知道下一步做什么，请多关注我的输入')]
begin debugging
Now that the EEG data has been parsed, I need to:
1. Calculate coherence between all channel pairs for frequency range 8-12Hz
2. Save the results as a (7,7) array
3. Save the code that does this

Let me write and execute the Python code for this task.

Action: Python_REPL
Action Input:
```python
import numpy as np
from scipy import signal
import os

# Load the original data
data = np.load('data/48_original.npy')

# Parameters
fs = 250  # sample rate (Hz), typical for EEG
n_channels = data.shape[0]
freq_range = (8, 12)  # Alpha band
nperseg = 256  # segment length for coherence calculation

# Initialize coherence matrix
coh_matrix = np.zeros((n_channels, n_channels))

# Calculate coherence for all channel pairs
for i in range(n_channels):
    for j in range(n_channels):
        if i <= j:  # Avoid redundant calculations
            f, Cxy = signal.coherence(data[i], data[j], fs=fs, nperseg=nperseg)
            # Get average coherence in alpha band
            mask = (f >= freq_range[0]) & (f <= freq_range[1])
            coh_matrix[i,j] = coh_matrix[j,i] = np.mean(Cxy[mask])

# Print results
print("Coherence matrix (8-12Hz):")
print(coh_matrix)

# Save results
os.makedirs('result', exist_ok=True)
np.save('result/4_48.npy', coh_matrix)

# Save code
code = '''import numpy as np
from scipy import signal
import os

data = np.load('data/48_original.npy')

fs = 250
n_channels = data.shape[0]
freq_range = (8, 12)
nperseg = 256

coh_matrix = np.zeros((n_channels, n_channels))

for i in range(n_channels):
    for j in range(n_channels):
        if i <= j:
            f, Cxy = signal.coherence(data[i], data[j], fs=fs, nperseg=nperseg)
            mask = (f >= freq_range[0]) & (f <= freq_range[1])
            coh_matrix[i,j] = coh_matrix[j,i] = np.mean(Cxy[mask])

print("Coherence matrix (8-12Hz):")
print(coh_matrix)

os.makedirs('result', exist_ok=True)
np.save('result/4_48.npy', coh_matrix)'''

with open('result/4_48.py', 'w') as f:
    f.write(code)
```
end debugging
print output here:
tool='Python_REPL' tool_input='```python\nimport numpy as np\nfrom scipy import signal\nimport os\n\n# Load the original data\ndata = np.load(\'data/48_original.npy\')\n\n# Parameters\nfs = 250  # sample rate (Hz), typical for EEG\nn_channels = data.shape[0]\nfreq_range = (8, 12)  # Alpha band\nnperseg = 256  # segment length for coherence calculation\n\n# Initialize coherence matrix\ncoh_matrix = np.zeros((n_channels, n_channels))\n\n# Calculate coherence for all channel pairs\nfor i in range(n_channels):\n    for j in range(n_channels):\n        if i <= j:  # Avoid redundant calculations\n            f, Cxy = signal.coherence(data[i], data[j], fs=fs, nperseg=nperseg)\n            # Get average coherence in alpha band\n            mask = (f >= freq_range[0]) & (f <= freq_range[1])\n            coh_matrix[i,j] = coh_matrix[j,i] = np.mean(Cxy[mask])\n\n# Print results\nprint("Coherence matrix (8-12Hz):")\nprint(coh_matrix)\n\n# Save results\nos.makedirs(\'result\', exist_ok=True)\nnp.save(\'result/4_48.npy\', coh_matrix)\n\n# Save code\ncode = \'\'\'import numpy as np\nfrom scipy import signal\nimport os\n\ndata = np.load(\'data/48_original.npy\')\n\nfs = 250\nn_channels = data.shape[0]\nfreq_range = (8, 12)\nnperseg = 256\n\ncoh_matrix = np.zeros((n_channels, n_channels))\n\nfor i in range(n_channels):\n    for j in range(n_channels):\n        if i <= j:\n            f, Cxy = signal.coherence(data[i], data[j], fs=fs, nperseg=nperseg)\n            mask = (f >= freq_range[0]) & (f <= freq_range[1])\n            coh_matrix[i,j] = coh_matrix[j,i] = np.mean(Cxy[mask])\n\nprint("Coherence matrix (8-12Hz):")\nprint(coh_matrix)\n\nos.makedirs(\'result\', exist_ok=True)\nnp.save(\'result/4_48.npy\', coh_matrix)\'\'\'\n\nwith open(\'result/4_48.py\', \'w\') as f:\n    f.write(code)\n```' log='Now that the EEG data has been parsed, I need to:\n1. Calculate coherence between all channel pairs for frequency range 8-12Hz\n2. Save the results as a (7,7) array\n3. Save the code that does this\n\nLet me write and execute the Python code for this task.\n\nAction: Python_REPL\nAction Input:\n```python\nimport numpy as np\nfrom scipy import signal\nimport os\n\n# Load the original data\ndata = np.load(\'data/48_original.npy\')\n\n# Parameters\nfs = 250  # sample rate (Hz), typical for EEG\nn_channels = data.shape[0]\nfreq_range = (8, 12)  # Alpha band\nnperseg = 256  # segment length for coherence calculation\n\n# Initialize coherence matrix\ncoh_matrix = np.zeros((n_channels, n_channels))\n\n# Calculate coherence for all channel pairs\nfor i in range(n_channels):\n    for j in range(n_channels):\n        if i <= j:  # Avoid redundant calculations\n            f, Cxy = signal.coherence(data[i], data[j], fs=fs, nperseg=nperseg)\n            # Get average coherence in alpha band\n            mask = (f >= freq_range[0]) & (f <= freq_range[1])\n            coh_matrix[i,j] = coh_matrix[j,i] = np.mean(Cxy[mask])\n\n# Print results\nprint("Coherence matrix (8-12Hz):")\nprint(coh_matrix)\n\n# Save results\nos.makedirs(\'result\', exist_ok=True)\nnp.save(\'result/4_48.npy\', coh_matrix)\n\n# Save code\ncode = \'\'\'import numpy as np\nfrom scipy import signal\nimport os\n\ndata = np.load(\'data/48_original.npy\')\n\nfs = 250\nn_channels = data.shape[0]\nfreq_range = (8, 12)\nnperseg = 256\n\ncoh_matrix = np.zeros((n_channels, n_channels))\n\nfor i in range(n_channels):\n    for j in range(n_channels):\n        if i <= j:\n            f, Cxy = signal.coherence(data[i], data[j], fs=fs, nperseg=nperseg)\n            mask = (f >= freq_range[0]) & (f <= freq_range[1])\n            coh_matrix[i,j] = coh_matrix[j,i] = np.mean(Cxy[mask])\n\nprint("Coherence matrix (8-12Hz):")\nprint(coh_matrix)\n\nos.makedirs(\'result\', exist_ok=True)\nnp.save(\'result/4_48.npy\', coh_matrix)\'\'\'\n\nwith open(\'result/4_48.py\', \'w\') as f:\n    f.write(code)\n```'
**********
****************************************************************************************************
round 2
****************************************************************************************************
Now that the EEG data has been parsed, I need to:
1. Calculate coherence between all channel pairs for frequency range 8-12Hz
2. Save the results as a (7,7) array
3. Save the code that does this

Let me write and execute the Python code for this task.

: Python_REPL
 Input:
```python
import numpy as np
from scipy import signal
import os

# Load the original data
data = np.load('data/48_original.npy')

# Parameters
fs = 250  # sample rate (Hz), typical for EEG
n_channels = data.shape[0]
freq_range = (8, 12)  # Alpha band
nperseg = 256  # segment length for coherence calculation

# Initialize coherence matrix
coh_matrix = np.zeros((n_channels, n_channels))

# Calculate coherence for all channel pairs
for i in range(n_channels):
    for j in range(n_channels):
        if i <= j:  # Avoid redundant calculations
            f, Cxy = signal.coherence(data[i], data[j], fs=fs, nperseg=nperseg)
            # Get average coherence in alpha band
            mask = (f >= freq_range[0]) & (f <= freq_range[1])
            coh_matrix[i,j] = coh_matrix[j,i] = np.mean(Cxy[mask])

# Print results
print("Coherence matrix (8-12Hz):")
print(coh_matrix)

# Save results
os.makedirs('result', exist_ok=True)
np.save('result/4_48.npy', coh_matrix)

# Save code
code = '''import numpy as np
from scipy import signal
import os

data = np.load('data/48_original.npy')

fs = 250
n_channels = data.shape[0]
freq_range = (8, 12)
nperseg = 256

coh_matrix = np.zeros((n_channels, n_channels))

for i in range(n_channels):
    for j in range(n_channels):
        if i <= j:
            f, Cxy = signal.coherence(data[i], data[j], fs=fs, nperseg=nperseg)
            mask = (f >= freq_range[0]) & (f <= freq_range[1])
            coh_matrix[i,j] = coh_matrix[j,i] = np.mean(Cxy[mask])

print("Coherence matrix (8-12Hz):")
print(coh_matrix)

os.makedirs('result', exist_ok=True)
np.save('result/4_48.npy', coh_matrix)'''

with open('result/4_48.py', 'w') as f:
    f.write(code)
```
**********
enter function perform_agent_action
tool='Python_REPL' tool_input='```python\nimport numpy as np\nfrom scipy import signal\nimport os\n\n# Load the original data\ndata = np.load(\'data/48_original.npy\')\n\n# Parameters\nfs = 250  # sample rate (Hz), typical for EEG\nn_channels = data.shape[0]\nfreq_range = (8, 12)  # Alpha band\nnperseg = 256  # segment length for coherence calculation\n\n# Initialize coherence matrix\ncoh_matrix = np.zeros((n_channels, n_channels))\n\n# Calculate coherence for all channel pairs\nfor i in range(n_channels):\n    for j in range(n_channels):\n        if i <= j:  # Avoid redundant calculations\n            f, Cxy = signal.coherence(data[i], data[j], fs=fs, nperseg=nperseg)\n            # Get average coherence in alpha band\n            mask = (f >= freq_range[0]) & (f <= freq_range[1])\n            coh_matrix[i,j] = coh_matrix[j,i] = np.mean(Cxy[mask])\n\n# Print results\nprint("Coherence matrix (8-12Hz):")\nprint(coh_matrix)\n\n# Save results\nos.makedirs(\'result\', exist_ok=True)\nnp.save(\'result/4_48.npy\', coh_matrix)\n\n# Save code\ncode = \'\'\'import numpy as np\nfrom scipy import signal\nimport os\n\ndata = np.load(\'data/48_original.npy\')\n\nfs = 250\nn_channels = data.shape[0]\nfreq_range = (8, 12)\nnperseg = 256\n\ncoh_matrix = np.zeros((n_channels, n_channels))\n\nfor i in range(n_channels):\n    for j in range(n_channels):\n        if i <= j:\n            f, Cxy = signal.coherence(data[i], data[j], fs=fs, nperseg=nperseg)\n            mask = (f >= freq_range[0]) & (f <= freq_range[1])\n            coh_matrix[i,j] = coh_matrix[j,i] = np.mean(Cxy[mask])\n\nprint("Coherence matrix (8-12Hz):")\nprint(coh_matrix)\n\nos.makedirs(\'result\', exist_ok=True)\nnp.save(\'result/4_48.npy\', coh_matrix)\'\'\'\n\nwith open(\'result/4_48.py\', \'w\') as f:\n    f.write(code)\n```' log='Now that the EEG data has been parsed, I need to:\n1. Calculate coherence between all channel pairs for frequency range 8-12Hz\n2. Save the results as a (7,7) array\n3. Save the code that does this\n\nLet me write and execute the Python code for this task.\n\nAction: Python_REPL\nAction Input:\n```python\nimport numpy as np\nfrom scipy import signal\nimport os\n\n# Load the original data\ndata = np.load(\'data/48_original.npy\')\n\n# Parameters\nfs = 250  # sample rate (Hz), typical for EEG\nn_channels = data.shape[0]\nfreq_range = (8, 12)  # Alpha band\nnperseg = 256  # segment length for coherence calculation\n\n# Initialize coherence matrix\ncoh_matrix = np.zeros((n_channels, n_channels))\n\n# Calculate coherence for all channel pairs\nfor i in range(n_channels):\n    for j in range(n_channels):\n        if i <= j:  # Avoid redundant calculations\n            f, Cxy = signal.coherence(data[i], data[j], fs=fs, nperseg=nperseg)\n            # Get average coherence in alpha band\n            mask = (f >= freq_range[0]) & (f <= freq_range[1])\n            coh_matrix[i,j] = coh_matrix[j,i] = np.mean(Cxy[mask])\n\n# Print results\nprint("Coherence matrix (8-12Hz):")\nprint(coh_matrix)\n\n# Save results\nos.makedirs(\'result\', exist_ok=True)\nnp.save(\'result/4_48.npy\', coh_matrix)\n\n# Save code\ncode = \'\'\'import numpy as np\nfrom scipy import signal\nimport os\n\ndata = np.load(\'data/48_original.npy\')\n\nfs = 250\nn_channels = data.shape[0]\nfreq_range = (8, 12)\nnperseg = 256\n\ncoh_matrix = np.zeros((n_channels, n_channels))\n\nfor i in range(n_channels):\n    for j in range(n_channels):\n        if i <= j:\n            f, Cxy = signal.coherence(data[i], data[j], fs=fs, nperseg=nperseg)\n            mask = (f >= freq_range[0]) & (f <= freq_range[1])\n            coh_matrix[i,j] = coh_matrix[j,i] = np.mean(Cxy[mask])\n\nprint("Coherence matrix (8-12Hz):")\nprint(coh_matrix)\n\nos.makedirs(\'result\', exist_ok=True)\nnp.save(\'result/4_48.npy\', coh_matrix)\'\'\'\n\nwith open(\'result/4_48.py\', \'w\') as f:\n    f.write(code)\n```'
**********
**********
enter function perform_agent_action lookup true branch
Coherence matrix (8-12Hz):
[[1.         0.38691687 0.20823521 0.23416266 0.13540597 0.20551082
  0.16383979]
 [0.38691687 1.         0.45801999 0.64393708 0.19519358 0.51606333
  0.40949762]
 [0.20823521 0.45801999 1.         0.42918115 0.51575054 0.24636516
  0.28554913]
 [0.23416266 0.64393708 0.42918115 1.         0.40963861 0.66454545
  0.73109472]
 [0.13540597 0.19519358 0.51575054 0.40963861 1.         0.33165792
  0.51065965]
 [0.20551082 0.51606333 0.24636516 0.66454545 0.33165792 1.
  0.70069214]
 [0.16383979 0.40949762 0.28554913 0.73109472 0.51065965 0.70069214
  1.        ]]

**********
****************************************************************************************************
round 3
****************************************************************************************************
Coherence matrix (8-12Hz):
[[1.         0.38691687 0.20823521 0.23416266 0.13540597 0.20551082
  0.16383979]
 [0.38691687 1.         0.45801999 0.64393708 0.19519358 0.51606333
  0.40949762]
 [0.20823521 0.45801999 1.         0.42918115 0.51575054 0.24636516
  0.28554913]
 [0.23416266 0.64393708 0.42918115 1.         0.40963861 0.66454545
  0.73109472]
 [0.13540597 0.19519358 0.51575054 0.40963861 1.         0.33165792
  0.51065965]
 [0.20551082 0.51606333 0.24636516 0.66454545 0.33165792 1.
  0.70069214]
 [0.16383979 0.40949762 0.28554913 0.73109472 0.51065965 0.70069214
  1.        ]]

**********
{'input': '(1)使用parse_eeg_data工具，解析同目录下的data/48.txt；(2)编写并且运行python代码，对同目录下的data/48_original.npy,计算所有通道对之间的相干性，频率范围为8-12Hz，打印结果, 将数值以(7,7)的格式存到同目录下的result/4_48.npy, (3)将代码保存到result/4_48.py'}
[(AgentAction(tool='parse_eeg_data', tool_input='data/48.txt', log='I\'ll break this down into three parts: (1) parsing the EEG data, (2) calculating coherence between channels and saving results, and (3) saving the code. Let me proceed step by step.\n\nThought: First, I need to parse the EEG data from the specified file.\nAction: parse_eeg_data\nAction Input: "data/48.txt"'), '你已经完成了第一步，请继续进行下一步！如果你不知道下一步做什么，请多关注我的输入'), (AgentAction(tool='Python_REPL', tool_input='```python\nimport numpy as np\nfrom scipy import signal\nimport os\n\n# Load the original data\ndata = np.load(\'data/48_original.npy\')\n\n# Parameters\nfs = 250  # sample rate (Hz), typical for EEG\nn_channels = data.shape[0]\nfreq_range = (8, 12)  # Alpha band\nnperseg = 256  # segment length for coherence calculation\n\n# Initialize coherence matrix\ncoh_matrix = np.zeros((n_channels, n_channels))\n\n# Calculate coherence for all channel pairs\nfor i in range(n_channels):\n    for j in range(n_channels):\n        if i <= j:  # Avoid redundant calculations\n            f, Cxy = signal.coherence(data[i], data[j], fs=fs, nperseg=nperseg)\n            # Get average coherence in alpha band\n            mask = (f >= freq_range[0]) & (f <= freq_range[1])\n            coh_matrix[i,j] = coh_matrix[j,i] = np.mean(Cxy[mask])\n\n# Print results\nprint("Coherence matrix (8-12Hz):")\nprint(coh_matrix)\n\n# Save results\nos.makedirs(\'result\', exist_ok=True)\nnp.save(\'result/4_48.npy\', coh_matrix)\n\n# Save code\ncode = \'\'\'import numpy as np\nfrom scipy import signal\nimport os\n\ndata = np.load(\'data/48_original.npy\')\n\nfs = 250\nn_channels = data.shape[0]\nfreq_range = (8, 12)\nnperseg = 256\n\ncoh_matrix = np.zeros((n_channels, n_channels))\n\nfor i in range(n_channels):\n    for j in range(n_channels):\n        if i <= j:\n            f, Cxy = signal.coherence(data[i], data[j], fs=fs, nperseg=nperseg)\n            mask = (f >= freq_range[0]) & (f <= freq_range[1])\n            coh_matrix[i,j] = coh_matrix[j,i] = np.mean(Cxy[mask])\n\nprint("Coherence matrix (8-12Hz):")\nprint(coh_matrix)\n\nos.makedirs(\'result\', exist_ok=True)\nnp.save(\'result/4_48.npy\', coh_matrix)\'\'\'\n\nwith open(\'result/4_48.py\', \'w\') as f:\n    f.write(code)\n```', log='Now that the EEG data has been parsed, I need to:\n1. Calculate coherence between all channel pairs for frequency range 8-12Hz\n2. Save the results as a (7,7) array\n3. Save the code that does this\n\nLet me write and execute the Python code for this task.\n\nAction: Python_REPL\nAction Input:\n```python\nimport numpy as np\nfrom scipy import signal\nimport os\n\n# Load the original data\ndata = np.load(\'data/48_original.npy\')\n\n# Parameters\nfs = 250  # sample rate (Hz), typical for EEG\nn_channels = data.shape[0]\nfreq_range = (8, 12)  # Alpha band\nnperseg = 256  # segment length for coherence calculation\n\n# Initialize coherence matrix\ncoh_matrix = np.zeros((n_channels, n_channels))\n\n# Calculate coherence for all channel pairs\nfor i in range(n_channels):\n    for j in range(n_channels):\n        if i <= j:  # Avoid redundant calculations\n            f, Cxy = signal.coherence(data[i], data[j], fs=fs, nperseg=nperseg)\n            # Get average coherence in alpha band\n            mask = (f >= freq_range[0]) & (f <= freq_range[1])\n            coh_matrix[i,j] = coh_matrix[j,i] = np.mean(Cxy[mask])\n\n# Print results\nprint("Coherence matrix (8-12Hz):")\nprint(coh_matrix)\n\n# Save results\nos.makedirs(\'result\', exist_ok=True)\nnp.save(\'result/4_48.npy\', coh_matrix)\n\n# Save code\ncode = \'\'\'import numpy as np\nfrom scipy import signal\nimport os\n\ndata = np.load(\'data/48_original.npy\')\n\nfs = 250\nn_channels = data.shape[0]\nfreq_range = (8, 12)\nnperseg = 256\n\ncoh_matrix = np.zeros((n_channels, n_channels))\n\nfor i in range(n_channels):\n    for j in range(n_channels):\n        if i <= j:\n            f, Cxy = signal.coherence(data[i], data[j], fs=fs, nperseg=nperseg)\n            mask = (f >= freq_range[0]) & (f <= freq_range[1])\n            coh_matrix[i,j] = coh_matrix[j,i] = np.mean(Cxy[mask])\n\nprint("Coherence matrix (8-12Hz):")\nprint(coh_matrix)\n\nos.makedirs(\'result\', exist_ok=True)\nnp.save(\'result/4_48.npy\', coh_matrix)\'\'\'\n\nwith open(\'result/4_48.py\', \'w\') as f:\n    f.write(code)\n```'), 'Coherence matrix (8-12Hz):\n[[1.         0.38691687 0.20823521 0.23416266 0.13540597 0.20551082\n  0.16383979]\n [0.38691687 1.         0.45801999 0.64393708 0.19519358 0.51606333\n  0.40949762]\n [0.20823521 0.45801999 1.         0.42918115 0.51575054 0.24636516\n  0.28554913]\n [0.23416266 0.64393708 0.42918115 1.         0.40963861 0.66454545\n  0.73109472]\n [0.13540597 0.19519358 0.51575054 0.40963861 1.         0.33165792\n  0.51065965]\n [0.20551082 0.51606333 0.24636516 0.66454545 0.33165792 1.\n  0.70069214]\n [0.16383979 0.40949762 0.28554913 0.73109472 0.51065965 0.70069214\n  1.        ]]\n')]
begin debugging
I now know the final answer. The coherence matrix for the 8-12Hz frequency range has been calculated, saved as a (7,7) array in 'result/4_48.npy', and the code has been saved to 'result/4_48.py'. The printed coherence matrix shows the pairwise coherence values between all channels.

Final Answer: 
1. Successfully parsed EEG data from 'data/48.txt'
2. Calculated coherence matrix (8-12Hz) for all channel pairs:
   [[1.         0.38691687 0.20823521 0.23416266 0.13540597 0.20551082 0.16383979]
    [0.38691687 1.         0.45801999 0.64393708 0.19519358 0.51606333 0.40949762]
    [0.20823521 0.45801999 1.         0.42918115 0.51575054 0.24636516 0.28554913]
    [0.23416266 0.64393708 0.42918115 1.         0.40963861 0.66454545 0.73109472]
    [0.13540597 0.19519358 0.51575054 0.40963861 1.         0.33165792 0.51065965]
    [0.20551082 0.51606333 0.24636516 0.66454545 0.33165792 1.         0.70069214]
    [0.16383979 0.40949762 0.28554913 0.73109472 0.51065965 0.70069214 1.        ]]
3. Saved results to 'result/4_48.npy' and code to 'result/4_48.py'
end debugging
print output here:
return_values={'output': "1. Successfully parsed EEG data from 'data/48.txt'\n2. Calculated coherence matrix (8-12Hz) for all channel pairs:\n   [[1.         0.38691687 0.20823521 0.23416266 0.13540597 0.20551082 0.16383979]\n    [0.38691687 1.         0.45801999 0.64393708 0.19519358 0.51606333 0.40949762]\n    [0.20823521 0.45801999 1.         0.42918115 0.51575054 0.24636516 0.28554913]\n    [0.23416266 0.64393708 0.42918115 1.         0.40963861 0.66454545 0.73109472]\n    [0.13540597 0.19519358 0.51575054 0.40963861 1.         0.33165792 0.51065965]\n    [0.20551082 0.51606333 0.24636516 0.66454545 0.33165792 1.         0.70069214]\n    [0.16383979 0.40949762 0.28554913 0.73109472 0.51065965 0.70069214 1.        ]]\n3. Saved results to 'result/4_48.npy' and code to 'result/4_48.py'"} log="I now know the final answer. The coherence matrix for the 8-12Hz frequency range has been calculated, saved as a (7,7) array in 'result/4_48.npy', and the code has been saved to 'result/4_48.py'. The printed coherence matrix shows the pairwise coherence values between all channels.\n\nFinal Answer: \n1. Successfully parsed EEG data from 'data/48.txt'\n2. Calculated coherence matrix (8-12Hz) for all channel pairs:\n   [[1.         0.38691687 0.20823521 0.23416266 0.13540597 0.20551082 0.16383979]\n    [0.38691687 1.         0.45801999 0.64393708 0.19519358 0.51606333 0.40949762]\n    [0.20823521 0.45801999 1.         0.42918115 0.51575054 0.24636516 0.28554913]\n    [0.23416266 0.64393708 0.42918115 1.         0.40963861 0.66454545 0.73109472]\n    [0.13540597 0.19519358 0.51575054 0.40963861 1.         0.33165792 0.51065965]\n    [0.20551082 0.51606333 0.24636516 0.66454545 0.33165792 1.         0.70069214]\n    [0.16383979 0.40949762 0.28554913 0.73109472 0.51065965 0.70069214 1.        ]]\n3. Saved results to 'result/4_48.npy' and code to 'result/4_48.py'"
**********
****************************************************************************************************
round 4
****************************************************************************************************
I now know the final answer. The coherence matrix for the 8-12Hz frequency range has been calculated, saved as a (7,7) array in 'result/4_48.npy', and the code has been saved to 'result/4_48.py'. The printed coherence matrix shows the pairwise coherence values between all channels.

Final Answer: 
1. Successfully parsed EEG data from 'data/48.txt'
2. Calculated coherence matrix (8-12Hz) for all channel pairs:
   [[1.         0.38691687 0.20823521 0.23416266 0.13540597 0.20551082 0.16383979]
    [0.38691687 1.         0.45801999 0.64393708 0.19519358 0.51606333 0.40949762]
    [0.20823521 0.45801999 1.         0.42918115 0.51575054 0.24636516 0.28554913]
    [0.23416266 0.64393708 0.42918115 1.         0.40963861 0.66454545 0.73109472]
    [0.13540597 0.19519358 0.51575054 0.40963861 1.         0.33165792 0.51065965]
    [0.20551082 0.51606333 0.24636516 0.66454545 0.33165792 1.         0.70069214]
    [0.16383979 0.40949762 0.28554913 0.73109472 0.51065965 0.70069214 1.        ]]
3. Saved results to 'result/4_48.npy' and code to 'result/4_48.py'
